#Suponen datos mensuales desde 2001-I a 2017-VIII
254.1214 260.6361 266.9241 255.4356 298.6115
311.5072 280.0919 260.0642 257.1277 273.5224
302.6066 309.0531 331.4333 318.593 326.8837
295.916 306.2689 339.6314 405.5016 381.0417
347.5343 314.8008 345.4213 347.4586 347.6214
363.8339 342.988 333.6045 309.4851 313.5418
347.038 339.1309 371.1348 387.1309 362.4332
320.6836 336.856 362.8167 376.852 383.5871
362.5577 327.4785 320.9484 356.6549 398.3903
409.7477 367.5978 381.4087 410.0559 388.8183
381.7251 397.5077 399.5616 403.7369 402.9998
425.3737 398.9744 376.9048 374.0025 387.9156
391.6875 413.3844 402.0351 409.0319 441.3697
431.8303 422.8385 441.1258 396.3347 390.5441
459.0166 449.0966 461.6022 458.2107 430.7792
445.1079 423.0758 411.4803 432.0411 409.9547
408.3617 422.808 398.5113 431.8131 425.1297
439.3135 468.28 466.0176 483.8534 470.2115
457.8585 439.2191 454.5383 428.3533 452.8482
472.3973 531.2679 509.6136 493.5592 510.0533
528.4326 543.082 508.9676 507.9452 528.4884
542.2415 514.0338 540.4575 511.972 540.9142
541.5252 542.9992 512.502 518.0166 510.7223
563.4179 554.6581 539.8064 521.5345 552.6814
551.6999 585.6344 603.0608 581.9098 582.5368
557.2304 544.3208 523.6603 555.9603 569.3993
561.0459 528.538 554.6499 544.1316 565.925
611.6673 605.3679 596.3438 600.1792 596.8434
600.8726 575.7931 576.334 595.4971 608.6581
621.4812 628.3563 613.1371 620.4662 642.1576
662.0847 659.0454 640.4953 607.8572 612.0737
611.9539 656.6 630.2692 631.706 617.0842
654.2668 704.9146 738.6952 719.1179 702.5492
669.42 663.6374 655.2276 638.5118 613.6041
643.8946 667.8828 713.4799 698.5261 708.0004
681.6271 665.6021 653.8411 655.9969 674.1855
685.0979 668.0408 707.1681 742.8473 741.4438
778.12 737.0004 696.3738 717.6564 695.4022
703.7945 736.1121 755.1982 736.6564 695.8311
736.0068 749.6643 763.0235 757.7671 771.7277
