#Suponen datos mensuales desde 2001-I a 2017-VIII
235.7452 276.7559 239.2115 276.4509 221.8071
313.4487 262.6499 325.5087 208.7273 312.6926
229.6473 314.203 251.5502 323.5247 272.5353
303.0835 299.5003 304.2357 284.3952 318.5394
251.7132 356.8274 245.5005 328.8126 371.7047
246.5079 365.0447 277.7942 357.217 288.4855
375.3822 290.3629 350.89 347.0509 332.2868
348.932 301.4613 387.6448 271.4836 397.7756
315.0174 355.3414 343.4632 360.1652 388.7939
358.0774 374.3986 402.864 350.7704 380.4368
337.8712 435.2603 372.3509 381.1641 423.0553
370.5004 402.9662 383.801 403.9263 388.3944
404.4925 400.9904 379.4494 413.194 378.0539
437.6238 421.5588 409.7731 449.9892 404.9399
463.0418 384.0984 468.487 411.9832 463.9012
424.3129 430.3579 449.8997 435.9459 473.3699
409.8931 461.0513 446.2314 508.134 436.6547
514.0841 441.4124 491.1938 463.9672 474.2627
490.3574 462.2619 482.5874 494.5406 486.0122
473.3223 501.7267 513.1412 497.1756 489.7262
524.5433 493.6971 535.1603 447.8959 574.7804
505.107 530.7534 500.2267 576.2814 511.3733
558.7235 487.5582 550.4186 542.4188 529.6855
519.2361 535.9988 561.9974 530.435 552.6923
564.2729 543.3608 585.246 522.1826 599.4954
576.2648 567.1185 586.6744 566.0351 558.517
586.9956 562.0493 608.1575 561.6111 590.0939
570.1309 605.9636 569.1369 597.7933 575.8722
626.4248 569.4798 603.5561 568.0086 611.0543
628.8648 589.2959 616.3931 620.2097 645.1855
628.1612 607.1663 687.415 565.4468 665.1965
621.4176 682.1186 634.4935 634.1538 706.5551
633.1101 650.5771 679.1307 661.7393 671.9306
657.5363 684.4093 679.4835 634.556 689.9742
681.413 677.2133 672.7597 696.696 716.6161
703.0998 667.2669 695.011 686.9095 716.4259
691.8889 719.9225 706.3745 715.2453 722.6055
681.9242 715.6081 712.943 668.8353 734.617
719.3022 739.6563 710.1035 783.6546 692.1519
761.8561 745.1108 745.9663 744.57 731.5414
